20.0 tensor([  0.,   0.,   0.,   0., 100.])
23.119999999999997 tensor([ 0.0000,  0.0000, 58.4000,  0.0000, 57.2000])
22.88 tensor([ 0.0000, 59.8000, 31.2000,  0.0000, 23.4000])
20.76 tensor([ 0.0000, 73.4000,  7.4000,  0.0000, 23.0000])
21.4 tensor([ 0.0000, 80.0000,  9.4000,  0.0000, 17.6000])
20.560000000000002 tensor([ 0.0000, 61.0000, 41.8000,  0.0000,  0.0000])
24.4 tensor([22.8000, 59.4000, 21.0000,  0.0000, 18.8000])
29.68 tensor([40.8000, 40.6000, 50.8000,  0.0000, 16.2000])
32.08 tensor([72.2000, 22.0000, 62.0000,  0.0000,  4.2000])
37.08 tensor([94.2000, 22.8000, 47.0000, 21.4000,  0.0000])
32.76 tensor([82.8000, 31.4000, 28.4000,  0.0000, 21.2000])
26.68 tensor([52.8000, 41.8000, 16.0000,  6.0000, 16.8000])
30.759999999999998 tensor([71.0000, 37.8000, 23.4000,  9.0000, 12.6000])
23.880000000000003 tensor([24.8000, 56.2000, 15.2000,  5.8000, 17.4000])
28.92 tensor([50.8000, 50.6000, 21.0000,  0.0000, 22.2000])
46.96 tensor([96.6000, 58.2000, 41.6000, 22.4000, 16.0000])
38.96 tensor([66.8000, 53.6000, 27.2000, 17.2000, 30.0000])
31.2 tensor([47.8000, 44.8000, 27.6000, 21.4000, 14.4000])
39.44 tensor([70.8000, 60.8000,  6.8000, 21.6000, 37.2000])
40.04 tensor([84.2000, 59.8000, 14.4000, 23.2000, 18.6000])
36.84 tensor([73.4000, 54.4000, 11.4000,  0.0000, 45.0000])
38.92 tensor([71.4000, 48.8000, 25.4000, 21.8000, 27.2000])
39.32 tensor([36.8000, 52.2000, 42.2000, 22.0000, 43.4000])
46.6 tensor([70.4000, 51.2000, 47.2000, 22.0000, 42.2000])
57.36 tensor([95.4000, 56.6000, 29.4000, 22.0000, 83.4000])
33.36 tensor([40.0000, 56.2000, 29.4000, 21.4000, 19.8000])
55.04 tensor([99.2000, 57.0000, 43.0000, 22.2000, 53.8000])
55.00000000000001 tensor([79.4000, 56.8000, 56.2000, 23.6000, 59.0000])
56.76 tensor([100.0000,  54.4000,  54.2000,  22.6000,  52.6000])
43.88 tensor([77.2000, 54.0000,  8.6000, 21.4000, 58.2000])
44.2 tensor([61.6000, 68.0000, 52.4000, 22.4000, 16.6000])
57.199999999999996 tensor([92.4000, 66.6000, 55.8000, 21.8000, 49.4000])
53.080000000000005 tensor([80.2000, 63.8000, 54.0000, 22.4000, 45.0000])
64.4 tensor([100.0000,  79.8000,  65.2000,  23.4000,  53.6000])
53.72 tensor([100.0000,  70.4000,  54.8000,  22.0000,  21.4000])
55.559999999999995 tensor([98.4000, 68.6000, 45.4000, 23.4000, 42.0000])
63.88 tensor([95.0000, 58.4000, 68.0000, 22.4000, 75.6000])
67.75999999999999 tensor([99.4000, 70.0000, 80.0000, 22.0000, 67.4000])
64.4 tensor([100.0000,  80.6000,  77.0000,   0.0000,  64.4000])
73.16 tensor([100.0000,  79.8000, 100.0000,   0.0000,  86.0000])
66.96 tensor([97.4000, 71.4000, 78.2000, 20.8000, 67.0000])
70.8 tensor([100.0000,  76.4000,  77.6000,  20.6000,  79.4000])
51.68000000000001 tensor([96.8000, 63.6000, 56.4000, 22.0000, 19.6000])
58.4 tensor([96.2000, 75.8000, 55.2000, 21.8000, 43.0000])
55.800000000000004 tensor([98.6000, 74.2000, 59.6000, 22.6000, 24.0000])
50.519999999999996 tensor([99.8000, 60.6000, 31.2000, 21.6000, 39.4000])
68.36 tensor([100.0000,  80.6000,  78.6000,  21.4000,  61.2000])
53.72 tensor([100.0000,  75.2000,  71.8000,  21.6000,   0.0000])
56.8 tensor([100.0000,  74.4000,  55.2000,  18.2000,  36.2000])
78.4 tensor([100.0000,  99.4000,  87.2000,  34.0000,  71.4000])
52.6 tensor([100.0000,  76.8000,  65.0000,  21.2000,   0.0000])
81.84 tensor([100.0000,  89.0000,  94.0000,  64.2000,  62.0000])
69.16 tensor([100.0000,  80.4000,  90.4000,  54.8000,  20.2000])
75.28 tensor([100.0000,  99.8000,  94.0000,  48.4000,  34.2000])
81.84 tensor([100.0000,  83.4000,  92.8000,  65.4000,  67.6000])
76.64 tensor([100.0000,  83.0000,  87.4000,  37.2000,  75.6000])
91.36 tensor([100.0000,  90.0000, 100.0000,  88.6000,  78.2000])
90.60000000000001 tensor([100.0000,  99.8000, 100.0000,  81.2000,  72.0000])
73.11999999999999 tensor([100.0000,  80.0000,  78.4000,  21.2000,  86.0000])
76.72 tensor([100.0000,  85.8000,  97.8000,   0.0000, 100.0000])
61.72 tensor([100.0000,  65.8000,  59.8000,  37.0000,  46.0000])
77.4 tensor([100.0000,  98.4000,  78.4000,  22.6000,  87.6000])
77.68 tensor([100.0000, 100.0000,  81.2000,  22.0000,  85.2000])
85.16 tensor([100.0000, 100.0000,  97.8000,  71.8000,  56.2000])
85.24000000000001 tensor([100.0000,  98.4000,  97.6000,  71.0000,  59.2000])
66.92 tensor([100.0000,  98.0000,  82.0000,  54.6000,   0.0000])
89.60000000000001 tensor([100.0000,  93.6000,  95.0000,  81.0000,  78.4000])
75.08 tensor([100.0000,  89.2000,  70.6000,  40.4000,  75.2000])
89.75999999999999 tensor([100.0000,  98.4000,  91.0000,  80.6000,  78.8000])
94.67999999999999 tensor([100.0000,  94.4000,  98.8000,  96.2000,  84.0000])
69.84 tensor([100.0000, 100.0000,  83.2000,  45.0000,  21.0000])
94.0 tensor([100.0000, 100.0000,  94.4000,  96.0000,  79.6000])
90.96 tensor([100.0000, 100.0000,  84.0000,  93.8000,  77.0000])
95.64 tensor([100.0000,  99.4000,  97.8000, 100.0000,  81.0000])
82.28 tensor([100.0000, 100.0000,  77.2000,  54.0000,  80.2000])
96.72 tensor([100.0000, 100.0000,  99.6000,  99.8000,  84.2000])
93.24 tensor([100.0000,  99.8000,  90.4000,  95.8000,  80.2000])
93.8 tensor([100.0000,  99.2000,  98.4000,  99.0000,  72.4000])
96.6 tensor([100.0000,  94.8000,  99.6000,  98.4000,  90.2000])
97.2 tensor([100.0000,  99.4000, 100.0000,  99.4000,  87.2000])
87.83999999999999 tensor([100.0000,  84.0000,  90.0000,  92.8000,  72.4000])
77.4 tensor([100.0000,  98.6000,  87.0000,  24.0000,  77.4000])
95.08 tensor([100.0000,  98.6000,  98.2000,  96.8000,  81.8000])
92.67999999999999 tensor([100.0000,  99.2000,  96.8000,  91.4000,  76.0000])
89.36 tensor([100.0000,  92.6000,  95.2000,  70.4000,  88.6000])
91.32000000000001 tensor([100.0000, 100.0000,  80.8000,  99.0000,  76.8000])
77.60000000000001 tensor([100.0000,  99.4000,  85.0000,  22.2000,  81.4000])
99.2 tensor([100.0000,  97.6000, 100.0000, 100.0000,  98.4000])
88.08 tensor([100.0000,  99.6000,  88.6000,  65.8000,  86.4000])
90.0 tensor([100.0000, 100.0000,  89.4000,  70.6000,  90.0000])
94.39999999999999 tensor([100.0000,  99.0000,  84.2000,  99.8000,  89.0000])
77.12 tensor([100.0000, 100.0000,  81.4000,  22.8000,  81.4000])
80.0 tensor([100.0000,  88.2000,  99.6000,  24.6000,  87.6000])
99.2 tensor([100.0000, 100.0000,  99.8000,  99.8000,  96.4000])
98.11999999999999 tensor([100.0000, 100.0000, 100.0000,  98.0000,  92.6000])
97.68 tensor([100.0000,  98.6000,  96.0000,  96.8000,  97.0000])
93.47999999999999 tensor([100.0000,  92.0000,  99.6000,  98.0000,  77.8000])
97.04 tensor([100.0000, 100.0000, 100.0000, 100.0000,  85.2000])
99.44 tensor([100.0000,  97.2000, 100.0000, 100.0000, 100.0000])
96.84 tensor([100.0000,  96.2000, 100.0000,  99.0000,  89.0000])
