20.0 tensor([  0.,   0., 100.,   0.,   0.])
18.88 tensor([55.6000,  0.0000, 38.8000,  0.0000,  0.0000])
22.720000000000002 tensor([86.0000,  0.0000, 27.6000,  0.0000,  0.0000])
22.12 tensor([100.0000,   0.0000,  10.6000,   0.0000,   0.0000])
20.16 tensor([86.6000,  0.0000, 14.2000,  0.0000,  0.0000])
22.8 tensor([92.6000,  0.0000, 21.4000,  0.0000,  0.0000])
23.919999999999998 tensor([100.0000,   0.0000,  19.6000,   0.0000,   0.0000])
26.36 tensor([100.0000,   0.0000,  20.4000,  11.4000,   0.0000])
25.72 tensor([99.8000,  3.6000, 18.2000,  7.0000,  0.0000])
27.16 tensor([100.0000,   9.8000,  17.8000,   8.2000,   0.0000])
29.56 tensor([100.0000,  17.2000,  19.0000,  11.6000,   0.0000])
32.0 tensor([100.0000,  21.6000,  20.0000,  18.4000,   0.0000])
34.160000000000004 tensor([100.0000,  26.0000,  18.8000,  23.0000,   3.0000])
35.839999999999996 tensor([100.0000,  25.0000,  30.0000,  19.2000,   5.0000])
37.56 tensor([100.0000,  28.6000,  28.8000,  17.0000,  13.4000])
37.2 tensor([100.0000,  36.0000,  31.8000,  16.4000,   1.8000])
38.519999999999996 tensor([100.0000,  44.2000,  20.8000,  24.0000,   3.6000])
38.4 tensor([100.0000,  40.0000,  22.4000,  16.6000,  13.0000])
39.68 tensor([100.0000,  46.4000,  34.4000,  17.6000,   0.0000])
44.76 tensor([100.0000,  50.4000,  39.4000,  20.8000,  13.2000])
45.56 tensor([100.0000,  48.6000,  45.4000,  19.4000,  14.4000])
47.8 tensor([100.0000,  49.0000,  55.8000,  34.2000,   0.0000])
48.92 tensor([100.0000,  55.4000,  45.0000,  44.2000,   0.0000])
56.04 tensor([100.0000,  64.2000,  45.4000,  46.0000,  24.6000])
61.56 tensor([100.0000,  64.4000,  91.8000,  51.6000,   0.0000])
63.44 tensor([100.0000,  92.4000,  78.4000,  46.4000,   0.0000])
55.64 tensor([98.6000, 64.2000, 71.4000, 44.0000,  0.0000])
64.32 tensor([100.0000,  85.8000,  92.0000,  43.8000,   0.0000])
65.44 tensor([ 99.8000, 100.0000,  73.8000,  53.6000,   0.0000])
54.6 tensor([99.4000, 99.8000, 71.4000,  0.0000,  2.4000])
67.44 tensor([100.0000, 100.0000,  80.8000,  42.6000,  13.8000])
71.8 tensor([100.0000, 100.0000,  91.0000,  46.2000,  21.8000])
63.480000000000004 tensor([100.0000,  99.8000,  68.6000,  31.8000,  17.2000])
62.12 tensor([100.0000,  99.4000,  91.8000,   6.0000,  13.4000])
61.88 tensor([97.2000, 81.6000, 91.6000, 39.0000,  0.0000])
72.2 tensor([100.0000, 100.0000,  99.4000,  38.8000,  22.8000])
72.6 tensor([100.0000,  98.8000, 100.0000,  42.2000,  22.0000])
71.39999999999999 tensor([100.0000,  97.4000,  94.8000,  63.0000,   1.8000])
67.67999999999999 tensor([100.0000,  92.6000,  99.4000,  46.4000,   0.0000])
73.52 tensor([100.0000,  98.8000, 100.0000,  45.6000,  23.2000])
74.92 tensor([100.0000,  99.4000, 100.0000,  75.2000,   0.0000])
75.16000000000001 tensor([100.0000,  99.6000, 100.0000,  55.8000,  20.4000])
78.28 tensor([100.0000,  99.8000,  99.8000,  69.6000,  22.2000])
79.56 tensor([100.0000, 100.0000,  99.8000,  80.6000,  17.4000])
76.16000000000001 tensor([100.0000,  99.6000, 100.0000,  75.0000,   6.2000])
79.32000000000001 tensor([100.0000,  99.8000,  99.8000,  97.0000,   0.0000])
79.67999999999999 tensor([100.0000,  99.8000, 100.0000,  90.4000,   8.2000])
85.08 tensor([100.0000, 100.0000, 100.0000,  91.6000,  33.8000])
85.8 tensor([100.0000,  98.4000,  99.8000,  98.0000,  32.8000])
80.96 tensor([100.0000,  99.6000,  98.6000,  96.0000,  10.6000])
80.28 tensor([100.0000,  98.2000, 100.0000,  97.8000,   5.4000])
81.6 tensor([100.0000, 100.0000, 100.0000,  98.8000,   9.2000])
79.92 tensor([100.0000, 100.0000, 100.0000,  99.6000,   0.0000])
79.96 tensor([100.0000, 100.0000,  99.8000, 100.0000,   0.0000])
80.0 tensor([100., 100., 100., 100.,   0.])
80.0 tensor([100., 100., 100., 100.,   0.])
79.92 tensor([100.0000, 100.0000, 100.0000,  99.6000,   0.0000])
79.67999999999999 tensor([100.0000, 100.0000, 100.0000,  98.4000,   0.0000])
80.0 tensor([100., 100., 100., 100.,   0.])
80.0 tensor([100., 100., 100., 100.,   0.])
60.0 tensor([  0., 100., 100., 100.,   0.])
80.0 tensor([100., 100., 100., 100.,   0.])
80.0 tensor([100., 100., 100., 100.,   0.])
80.0 tensor([100., 100., 100., 100.,   0.])
80.0 tensor([100., 100., 100., 100.,   0.])
80.0 tensor([100., 100., 100., 100.,   0.])
80.0 tensor([100., 100., 100., 100.,   0.])
80.0 tensor([100., 100., 100., 100.,   0.])
80.0 tensor([100., 100., 100., 100.,   0.])
80.0 tensor([100., 100., 100., 100.,   0.])
80.0 tensor([100., 100., 100., 100.,   0.])
80.0 tensor([100., 100., 100., 100.,   0.])
80.0 tensor([100., 100., 100., 100.,   0.])
81.36 tensor([100.0000, 100.0000, 100.0000, 100.0000,   6.8000])
80.60000000000001 tensor([100., 100., 100., 100.,   3.])
85.76 tensor([100.0000, 100.0000, 100.0000, 100.0000,  28.8000])
89.44 tensor([100.0000, 100.0000, 100.0000, 100.0000,  47.2000])
60.0 tensor([100., 100., 100.,   0.,   0.])
90.2 tensor([100., 100., 100., 100.,  51.])
93.16 tensor([100.0000, 100.0000,  99.8000, 100.0000,  66.0000])
93.60000000000001 tensor([100., 100., 100., 100.,  68.])
73.2 tensor([  0., 100., 100., 100.,  66.])
96.12 tensor([100.0000, 100.0000, 100.0000, 100.0000,  80.6000])
99.28 tensor([100.0000, 100.0000, 100.0000, 100.0000,  96.4000])
99.2 tensor([100., 100., 100., 100.,  96.])
100.0 tensor([100., 100., 100., 100., 100.])
80.0 tensor([  0., 100., 100., 100., 100.])
100.0 tensor([100., 100., 100., 100., 100.])
100.0 tensor([100., 100., 100., 100., 100.])
99.96000000000001 tensor([100.0000, 100.0000, 100.0000, 100.0000,  99.8000])
100.0 tensor([100., 100., 100., 100., 100.])
100.0 tensor([100., 100., 100., 100., 100.])
100.0 tensor([100., 100., 100., 100., 100.])
100.0 tensor([100., 100., 100., 100., 100.])
100.0 tensor([100., 100., 100., 100., 100.])
100.0 tensor([100., 100., 100., 100., 100.])
100.0 tensor([100., 100., 100., 100., 100.])
100.0 tensor([100., 100., 100., 100., 100.])
100.0 tensor([100., 100., 100., 100., 100.])
100.0 tensor([100., 100., 100., 100., 100.])
