20.0 tensor([  0.,   0.,   0.,   0., 100.])
20.0 tensor([  0.,   0.,   0.,   0., 100.])
20.0 tensor([  0.,   0.,   0.,   0., 100.])
22.400000000000002 tensor([ 0.0000, 53.0000,  0.0000,  0.0000, 59.0000])
25.240000000000002 tensor([66.2000, 35.6000,  0.0000,  0.0000, 24.4000])
25.52 tensor([52.8000, 40.0000, 10.2000,  0.0000, 24.6000])
30.520000000000003 tensor([54.0000, 34.8000, 12.2000, 27.6000, 24.0000])
30.04 tensor([34.8000, 48.0000, 10.0000, 33.6000, 23.8000])
30.320000000000004 tensor([39.4000, 59.4000,  0.0000, 29.2000, 23.6000])
32.36 tensor([29.6000, 64.6000, 10.2000, 21.2000, 36.2000])
31.840000000000003 tensor([26.4000, 46.4000, 28.2000, 15.6000, 42.6000])
31.96 tensor([30.8000, 54.0000, 20.8000, 15.8000, 38.4000])
31.119999999999997 tensor([26.2000, 54.0000, 20.0000, 15.8000, 39.6000])
31.64 tensor([29.2000, 56.6000, 15.8000,  0.0000, 56.6000])
30.48 tensor([25.4000, 51.4000, 19.2000, 18.2000, 38.2000])
30.320000000000004 tensor([16.8000, 53.6000, 29.8000, 10.0000, 41.4000])
41.120000000000005 tensor([63.8000, 58.0000, 31.8000,  0.0000, 52.0000])
46.239999999999995 tensor([70.8000, 61.8000, 43.0000,  7.2000, 48.4000])
49.16 tensor([87.2000, 64.8000, 43.2000,  0.0000, 50.6000])
51.800000000000004 tensor([86.2000, 65.4000, 25.4000, 17.4000, 64.6000])
53.0 tensor([89.2000, 64.0000, 25.6000, 19.4000, 66.8000])
60.31999999999999 tensor([100.0000,  73.2000,  44.6000,  13.4000,  70.4000])
53.52 tensor([88.8000, 70.4000, 48.4000,  0.0000, 60.0000])
58.64 tensor([99.6000, 73.8000, 25.6000,  8.6000, 85.6000])
52.12 tensor([99.2000, 70.0000, 31.0000,  0.0000, 60.4000])
62.36000000000001 tensor([99.8000, 65.6000, 41.0000, 29.6000, 75.8000])
61.31999999999999 tensor([99.4000, 81.0000, 34.4000,  0.0000, 91.8000])
60.31999999999999 tensor([99.4000, 76.0000, 28.0000, 16.0000, 82.2000])
69.64 tensor([100.0000,  83.2000,  43.0000,  39.8000,  82.2000])
58.040000000000006 tensor([100.0000,  71.0000,  23.4000,  23.6000,  72.2000])
51.76 tensor([88.8000, 71.0000, 24.0000, 75.0000,  0.0000])
65.88000000000001 tensor([99.0000, 72.6000, 24.8000, 69.2000, 63.8000])
59.48 tensor([96.8000, 76.4000, 34.6000, 54.0000, 35.6000])
63.12 tensor([100.0000,  79.6000,  41.2000,  47.0000,  47.8000])
73.04 tensor([100.0000,  90.0000,  29.4000,  68.4000,  77.4000])
71.48 tensor([99.2000, 82.4000, 46.6000, 66.2000, 63.0000])
73.72 tensor([96.4000, 87.0000, 28.0000, 77.0000, 80.2000])
71.48 tensor([100.0000,  75.8000,  24.0000,  76.4000,  81.2000])
68.92 tensor([100.0000, 100.0000,  42.4000,  31.8000,  70.4000])
70.28 tensor([100.0000, 100.0000,  25.2000,  35.8000,  90.4000])
67.75999999999999 tensor([92.6000, 91.0000, 31.6000, 53.8000, 69.8000])
76.16000000000001 tensor([100.0000, 100.0000,  52.4000,  39.6000,  88.8000])
73.72 tensor([99.8000, 99.4000, 45.8000, 50.2000, 73.4000])
73.52 tensor([100.0000, 100.0000,  30.8000,  67.6000,  69.2000])
73.56 tensor([99.4000, 98.8000, 20.4000, 67.8000, 81.4000])
49.0 tensor([84.8000, 92.8000, 20.4000, 29.6000, 17.4000])
85.88 tensor([96.2000, 91.6000, 74.4000, 81.0000, 86.2000])
87.0 tensor([100.0000,  99.6000,  83.6000,  60.2000,  91.6000])
78.28 tensor([97.8000, 99.4000, 73.6000, 54.0000, 66.6000])
77.03999999999999 tensor([100.0000,  96.2000,  77.4000,  56.6000,  55.0000])
88.24 tensor([100.0000, 100.0000,  98.6000,  82.8000,  59.8000])
82.39999999999999 tensor([94.4000, 97.4000, 99.2000, 65.4000, 55.6000])
74.28 tensor([100.0000,  97.2000,  32.8000,  63.2000,  78.2000])
84.39999999999999 tensor([100., 100., 100.,  66.,  56.])
91.88 tensor([ 99.6000, 100.0000, 100.0000,  69.0000,  90.8000])
99.72 tensor([100.0000, 100.0000, 100.0000, 100.0000,  98.6000])
71.64 tensor([ 99.8000, 100.0000,  31.0000,  64.0000,  63.4000])
83.08 tensor([ 99.0000, 100.0000,  61.6000,  64.8000,  90.0000])
99.24 tensor([100.0000,  99.0000,  98.6000,  99.8000,  98.8000])
98.76 tensor([100.0000,  99.8000,  96.6000,  99.0000,  98.4000])
98.56 tensor([99.6000, 99.2000, 99.6000, 98.6000, 95.8000])
97.76 tensor([99.6000, 99.2000, 93.2000, 98.2000, 98.6000])
87.12 tensor([99.8000, 95.2000, 89.2000, 52.4000, 99.0000])
99.48 tensor([100.0000, 100.0000,  99.6000, 100.0000,  97.8000])
99.24 tensor([100.0000, 100.0000, 100.0000,  98.0000,  98.2000])
99.52 tensor([100.0000, 100.0000, 100.0000,  99.8000,  97.8000])
99.0 tensor([100.0000,  99.6000, 100.0000,  99.6000,  95.8000])
99.2 tensor([100.0000, 100.0000,  98.2000,  99.2000,  98.6000])
99.44 tensor([100.0000, 100.0000, 100.0000,  99.8000,  97.4000])
98.36 tensor([100.0000,  99.8000,  95.4000,  99.0000,  97.6000])
99.96000000000001 tensor([100.0000, 100.0000, 100.0000,  99.8000, 100.0000])
99.72 tensor([100.0000, 100.0000, 100.0000, 100.0000,  98.6000])
100.0 tensor([100., 100., 100., 100., 100.])
99.52 tensor([100.0000, 100.0000, 100.0000, 100.0000,  97.6000])
99.76 tensor([100.0000, 100.0000, 100.0000,  99.8000,  99.0000])
99.0 tensor([100.0000,  99.6000, 100.0000,  99.2000,  96.2000])
99.96000000000001 tensor([100.0000, 100.0000, 100.0000, 100.0000,  99.8000])
98.36 tensor([100.0000, 100.0000,  99.6000,  93.0000,  99.2000])
99.6 tensor([100.0000, 100.0000, 100.0000,  99.8000,  98.2000])
99.8 tensor([100., 100., 100., 100.,  99.])
79.96 tensor([100.0000, 100.0000,  99.8000, 100.0000,   0.0000])
99.2 tensor([100.0000, 100.0000,  99.8000,  99.0000,  97.2000])
86.72 tensor([100.0000,  99.6000,  99.6000,  43.4000,  91.0000])
79.92 tensor([100.0000, 100.0000, 100.0000,  99.6000,   0.0000])
99.76 tensor([100.0000, 100.0000, 100.0000,  99.8000,  99.0000])
99.72 tensor([100.0000, 100.0000,  99.8000,  99.0000,  99.8000])
99.11999999999999 tensor([100.0000, 100.0000,  99.0000, 100.0000,  96.6000])
99.68 tensor([100.0000,  99.8000,  99.4000, 100.0000,  99.2000])
98.96000000000001 tensor([100.0000, 100.0000, 100.0000, 100.0000,  94.8000])
99.36 tensor([100.0000, 100.0000, 100.0000, 100.0000,  96.8000])
79.16 tensor([100.0000, 100.0000,  72.6000,  28.6000,  94.6000])
80.0 tensor([100., 100., 100.,   0., 100.])
99.56 tensor([100.0000,  98.8000, 100.0000, 100.0000,  99.0000])
99.8 tensor([100., 100., 100., 100.,  99.])
99.2 tensor([100.0000, 100.0000, 100.0000,  97.6000,  98.4000])
100.0 tensor([100., 100., 100., 100., 100.])
85.48 tensor([100.0000, 100.0000, 100.0000,  27.4000, 100.0000])
80.0 tensor([100., 100., 100.,   0., 100.])
99.03999999999999 tensor([100.0000, 100.0000, 100.0000, 100.0000,  95.2000])
99.8 tensor([100., 100., 100., 100.,  99.])
