20.0 tensor([  0.,   0., 100.,   0.,   0.])
19.56 tensor([66.6000,  0.0000, 31.2000,  0.0000,  0.0000])
23.200000000000003 tensor([100.,   0.,  16.,   0.,   0.])
24.759999999999998 tensor([90.8000,  0.0000,  9.4000,  0.0000, 23.6000])
25.759999999999998 tensor([100.0000,   0.0000,  12.0000,   0.0000,  16.8000])
25.6 tensor([100.0000,   0.0000,  12.4000,   0.0000,  15.6000])
26.840000000000003 tensor([100.0000,   0.0000,  13.2000,   0.0000,  21.0000])
28.439999999999998 tensor([100.0000,  16.4000,  14.0000,   0.0000,  11.8000])
28.04 tensor([100.0000,  14.0000,  13.6000,   0.0000,  12.6000])
30.680000000000003 tensor([100.0000,  29.2000,  24.2000,   0.0000,   0.0000])
30.84 tensor([94.2000, 17.2000, 34.6000,  0.0000,  8.2000])
34.88 tensor([99.2000, 33.4000, 41.8000,  0.0000,  0.0000])
33.64 tensor([100.0000,   0.0000,  44.2000,   0.0000,  24.0000])
34.4 tensor([100.0000,  31.4000,  37.8000,   0.0000,   2.8000])
36.52 tensor([100.0000,  45.2000,  37.4000,   0.0000,   0.0000])
37.28 tensor([100.0000,  43.2000,  40.2000,   0.0000,   3.0000])
38.76 tensor([100.0000,  40.8000,  40.6000,   0.0000,  12.4000])
38.72 tensor([100.0000,  44.4000,  38.2000,   0.0000,  11.0000])
41.92 tensor([100.0000,  56.0000,  53.6000,   0.0000,   0.0000])
45.04 tensor([100.0000,  50.6000,  74.6000,   0.0000,   0.0000])
45.879999999999995 tensor([100.0000,  54.6000,  74.8000,   0.0000,   0.0000])
44.0 tensor([100.0000,  60.8000,  59.2000,   0.0000,   0.0000])
47.8 tensor([99.8000, 77.0000, 59.8000,  0.0000,  2.4000])
49.68 tensor([100.0000,  64.6000,  61.6000,   0.0000,  22.2000])
50.96000000000001 tensor([100.0000,  68.2000,  61.6000,   0.0000,  25.0000])
61.88 tensor([100.0000,  75.4000,  98.0000,   0.0000,  36.0000])
58.120000000000005 tensor([100.0000,  95.6000,  67.6000,   0.0000,  27.4000])
57.8 tensor([100.0000, 100.0000,  67.2000,   0.0000,  21.8000])
58.36 tensor([99.6000, 92.4000, 68.0000,  0.0000, 31.8000])
62.839999999999996 tensor([100.0000, 100.0000,  79.8000,   0.0000,  34.4000])
59.48 tensor([100.0000,  97.6000,  87.0000,   0.0000,  12.8000])
59.96 tensor([100.0000, 100.0000,  99.8000,   0.0000,   0.0000])
64.92 tensor([100.0000, 100.0000, 100.0000,   0.0000,  24.6000])
60.28 tensor([100.0000,  98.4000,  95.2000,   0.0000,   7.8000])
60.24 tensor([100.0000,  98.2000,  91.6000,   6.2000,   5.2000])
59.519999999999996 tensor([100.0000,  97.6000, 100.0000,   0.0000,   0.0000])
62.12 tensor([100.0000,  99.8000, 100.0000,   0.0000,  10.8000])
60.0 tensor([100., 100., 100.,   0.,   0.])
65.52 tensor([100.0000, 100.0000,  99.8000,   0.0000,  27.8000])
62.519999999999996 tensor([100.0000, 100.0000,  98.0000,   7.6000,   7.0000])
62.4 tensor([100.0000, 100.0000,  95.2000,   7.8000,   9.0000])
59.84 tensor([ 99.2000, 100.0000, 100.0000,   0.0000,   0.0000])
62.12 tensor([  0.0000, 100.0000,  99.2000,  19.2000,  92.2000])
69.88 tensor([100.0000, 100.0000, 100.0000,  28.0000,  21.4000])
64.84 tensor([ 96.2000, 100.0000,  99.8000,  28.2000,   0.0000])
66.60000000000001 tensor([100.0000,  99.8000, 100.0000,  27.4000,   5.8000])
77.12 tensor([100.0000, 100.0000,  99.8000,  32.2000,  53.6000])
66.88 tensor([100.0000, 100.0000, 100.0000,  34.4000,   0.0000])
70.64 tensor([100.0000, 100.0000, 100.0000,  38.6000,  14.6000])
68.28 tensor([100.0000, 100.0000, 100.0000,  41.4000,   0.0000])
70.92 tensor([100.0000, 100.0000,  99.8000,  40.2000,  14.6000])
78.32000000000001 tensor([100.0000, 100.0000, 100.0000,  47.0000,  44.6000])
69.52000000000001 tensor([100.0000, 100.0000, 100.0000,  47.6000,   0.0000])
71.39999999999999 tensor([100., 100., 100.,  57.,   0.])
77.8 tensor([ 99.4000,  99.8000, 100.0000,  41.0000,  48.8000])
70.08 tensor([100.0000, 100.0000, 100.0000,  49.4000,   1.0000])
70.36 tensor([100.0000,  99.4000, 100.0000,  50.0000,   2.4000])
70.04 tensor([100.0000, 100.0000,  99.8000,  50.4000,   0.0000])
59.36 tensor([100.0000, 100.0000,  45.6000,  50.2000,   1.0000])
70.19999999999999 tensor([ 99.8000, 100.0000,  99.8000,  49.6000,   1.8000])
78.44 tensor([100.0000, 100.0000, 100.0000,  50.2000,  42.0000])
51.72 tensor([  0.0000, 100.0000, 100.0000,  50.4000,   8.2000])
64.08 tensor([100.0000, 100.0000,  68.2000,  52.2000,   0.0000])
70.72 tensor([100.0000, 100.0000, 100.0000,  52.0000,   1.6000])
50.56 tensor([  0.0000, 100.0000, 100.0000,  52.8000,   0.0000])
73.0 tensor([100.0000, 100.0000,  99.6000,  49.2000,  16.2000])
72.56 tensor([100.0000, 100.0000, 100.0000,  52.2000,  10.6000])
82.12 tensor([100.0000, 100.0000, 100.0000,  56.4000,  54.2000])
92.47999999999999 tensor([100.0000, 100.0000, 100.0000,  83.0000,  79.4000])
99.68 tensor([100.0000, 100.0000, 100.0000, 100.0000,  98.4000])
20.0 tensor([  0.,   0., 100.,   0.,   0.])
18.96 tensor([67.0000,  0.0000, 27.8000,  0.0000,  0.0000])
21.84 tensor([88.8000,  0.0000, 20.4000,  0.0000,  0.0000])
21.48 tensor([100.0000,   0.0000,   7.4000,   0.0000,   0.0000])
22.32 tensor([100.0000,   4.8000,   6.8000,   0.0000,   0.0000])
24.44 tensor([99.8000, 12.2000, 10.2000,  0.0000,  0.0000])
23.119999999999997 tensor([94.8000, 20.8000,  0.0000,  0.0000,  0.0000])
26.640000000000004 tensor([100.0000,  21.6000,   0.0000,  11.6000,   0.0000])
28.28 tensor([99.6000, 28.8000,  0.0000, 13.0000,  0.0000])
27.36 tensor([100.0000,  36.8000,   0.0000,   0.0000,   0.0000])
29.080000000000002 tensor([100.0000,  33.0000,  12.4000,   0.0000,   0.0000])
36.08 tensor([100.0000,  41.2000,  15.6000,  23.6000,   0.0000])
31.319999999999997 tensor([99.2000, 40.4000,  0.0000, 17.0000,  0.0000])
38.96 tensor([100.0000,  46.6000,  25.4000,  22.8000,   0.0000])
38.96 tensor([100.0000,  39.4000,  15.0000,  26.6000,  13.8000])
39.6 tensor([100.0000,  47.0000,   9.8000,  30.4000,  10.8000])
39.519999999999996 tensor([99.8000, 60.8000, 11.0000, 26.0000,  0.0000])
39.839999999999996 tensor([95.2000, 68.4000,  0.0000, 35.6000,  0.0000])
43.88 tensor([100.0000,  63.4000,  21.2000,  34.8000,   0.0000])
46.44 tensor([100.0000,  72.6000,   0.0000,  38.0000,  21.6000])
35.92 tensor([81.8000, 73.0000, 24.8000,  0.0000,  0.0000])
52.72 tensor([99.2000, 69.0000, 44.2000, 32.6000, 18.6000])
50.6 tensor([97.6000, 72.6000, 49.8000, 33.0000,  0.0000])
41.120000000000005 tensor([96.2000, 63.0000, 42.0000,  4.4000,  0.0000])
42.480000000000004 tensor([100.0000,  73.0000,  39.4000,   0.0000,   0.0000])
52.92 tensor([99.8000, 82.8000, 48.0000, 34.0000,  0.0000])
41.56 tensor([93.6000, 73.0000, 41.2000,  0.0000,  0.0000])
52.92 tensor([100.0000,  84.2000,  45.6000,  34.8000,   0.0000])
55.36 tensor([100.0000,  97.0000,  55.2000,  24.6000,   0.0000])
52.0 tensor([94.8000, 88.0000, 55.2000, 22.0000,  0.0000])
57.120000000000005 tensor([100.0000,  99.0000,  64.6000,  22.0000,   0.0000])
57.32000000000001 tensor([100.0000, 100.0000,  66.4000,  20.2000,   0.0000])
51.839999999999996 tensor([100.0000,  90.0000,  69.2000,   0.0000,   0.0000])
56.16 tensor([100.0000, 100.0000,  80.8000,   0.0000,   0.0000])
41.839999999999996 tensor([98.4000, 94.2000,  0.0000, 16.6000,  0.0000])
59.599999999999994 tensor([100.0000, 100.0000,  77.2000,  20.8000,   0.0000])
57.84 tensor([100.0000, 100.0000,  82.4000,   0.0000,   6.8000])
61.44 tensor([100.0000, 100.0000,  81.2000,  16.0000,  10.0000])
70.04 tensor([100.0000,  99.4000,  87.8000,  53.0000,  10.0000])
62.4 tensor([100.0000,  99.4000,  93.4000,  11.6000,   7.6000])
59.56 tensor([100.0000,  97.8000, 100.0000,   0.0000,   0.0000])
60.0 tensor([100., 100., 100.,   0.,   0.])
59.24 tensor([ 97.2000,  99.0000, 100.0000,   0.0000,   0.0000])
42.36 tensor([  0.0000, 100.0000, 100.0000,   0.0000,  11.8000])
42.96 tensor([  0.0000, 100.0000, 100.0000,  14.8000,   0.0000])
44.28 tensor([  0.0000, 100.0000, 100.0000,   0.0000,  21.4000])
63.56 tensor([100.0000, 100.0000, 100.0000,  17.8000,   0.0000])
64.52 tensor([ 99.8000, 100.0000,  99.6000,  23.2000,   0.0000])
76.52 tensor([100.0000, 100.0000, 100.0000,  82.6000,   0.0000])
55.2 tensor([  0., 100., 100.,  76.,   0.])
78.44 tensor([100.0000, 100.0000, 100.0000,  92.2000,   0.0000])
79.32000000000001 tensor([100.0000, 100.0000, 100.0000,  96.6000,   0.0000])
59.919999999999995 tensor([  0.0000, 100.0000, 100.0000,  99.6000,   0.0000])
60.0 tensor([  0., 100., 100., 100.,   0.])
80.0 tensor([100., 100., 100., 100.,   0.])
80.0 tensor([100., 100., 100., 100.,   0.])
80.0 tensor([100., 100., 100., 100.,   0.])
80.0 tensor([100., 100., 100., 100.,   0.])
80.0 tensor([100., 100., 100., 100.,   0.])
80.0 tensor([100., 100., 100., 100.,   0.])
80.0 tensor([100., 100., 100., 100.,   0.])
80.0 tensor([100., 100., 100., 100.,   0.])
79.84 tensor([100.0000, 100.0000,  99.8000,  99.4000,   0.0000])
80.0 tensor([100., 100., 100., 100.,   0.])
80.0 tensor([100., 100., 100., 100.,   0.])
80.0 tensor([100., 100., 100., 100.,   0.])
79.88 tensor([100.0000, 100.0000, 100.0000,  99.4000,   0.0000])
80.0 tensor([100., 100., 100., 100.,   0.])
80.0 tensor([100., 100., 100., 100.,   0.])
80.0 tensor([100., 100., 100., 100.,   0.])
80.0 tensor([100., 100., 100., 100.,   0.])
79.92 tensor([100.0000,  99.6000, 100.0000, 100.0000,   0.0000])
80.0 tensor([100., 100., 100., 100.,   0.])
67.4 tensor([100.0000, 100.0000, 100.0000,  19.2000,  17.8000])
80.0 tensor([100., 100., 100., 100.,   0.])
80.0 tensor([100., 100., 100., 100.,   0.])
80.0 tensor([100., 100., 100., 100.,   0.])
80.0 tensor([100., 100., 100., 100.,   0.])
80.0 tensor([100., 100., 100., 100.,   0.])
80.0 tensor([100., 100., 100., 100.,   0.])
80.0 tensor([100., 100., 100., 100.,   0.])
80.0 tensor([100., 100., 100., 100.,   0.])
80.0 tensor([100., 100., 100., 100.,   0.])
80.0 tensor([100., 100., 100., 100.,   0.])
80.0 tensor([100., 100., 100., 100.,   0.])
80.0 tensor([100., 100., 100., 100.,   0.])
60.0 tensor([  0., 100., 100., 100.,   0.])
80.0 tensor([100., 100., 100., 100.,   0.])
80.0 tensor([100., 100., 100., 100.,   0.])
80.0 tensor([100., 100., 100., 100.,   0.])
80.0 tensor([100., 100., 100., 100.,   0.])
80.0 tensor([100., 100., 100., 100.,   0.])
80.0 tensor([100., 100., 100., 100.,   0.])
80.0 tensor([100., 100., 100., 100.,   0.])
80.0 tensor([100., 100., 100., 100.,   0.])
80.0 tensor([100., 100., 100., 100.,   0.])
80.0 tensor([100., 100., 100., 100.,   0.])
80.0 tensor([100., 100., 100., 100.,   0.])
80.0 tensor([100., 100., 100., 100.,   0.])
80.0 tensor([100., 100., 100., 100.,   0.])
