20.0 tensor([  0.,   0.,   0.,   0., 100.])
19.88 tensor([ 0.0000,  0.0000,  0.0000, 49.4000, 50.0000])
19.08 tensor([ 0.0000,  0.0000,  0.0000, 24.4000, 71.0000])
24.88 tensor([60.8000,  0.0000,  0.0000, 13.6000, 50.0000])
26.240000000000002 tensor([63.0000, 39.8000,  0.0000,  6.8000, 21.6000])
27.279999999999998 tensor([70.0000, 20.6000,  0.0000, 20.6000, 25.2000])
26.200000000000003 tensor([71.4000, 16.8000,  0.0000, 21.8000, 21.0000])
30.64 tensor([94.2000, 23.6000,  0.0000, 13.2000, 22.2000])
29.360000000000003 tensor([95.8000, 17.2000,  0.0000, 19.0000, 14.8000])
33.239999999999995 tensor([91.8000, 18.0000,  0.0000, 30.6000, 25.8000])
40.160000000000004 tensor([100.0000,  15.4000,   0.0000,  20.8000,  64.6000])
26.72 tensor([76.0000, 18.2000,  0.0000, 12.2000, 27.2000])
35.56 tensor([100.0000,  25.2000,   0.0000,  21.0000,  31.6000])
40.239999999999995 tensor([99.4000, 26.6000, 11.8000, 12.4000, 51.0000])
37.519999999999996 tensor([100.0000,  27.8000,  15.2000,   4.6000,  40.0000])
44.879999999999995 tensor([100.0000,  22.0000,  28.6000,  12.4000,  61.4000])
38.879999999999995 tensor([99.4000, 26.0000, 23.8000, 26.0000, 19.2000])
44.6 tensor([100.0000,  23.0000,  24.8000,  50.8000,  24.4000])
48.480000000000004 tensor([100.0000,  28.0000,  25.0000,  52.6000,  36.8000])
45.48 tensor([100.0000,  23.2000,  24.0000,  53.8000,  26.4000])
42.28 tensor([97.2000, 20.2000, 28.2000, 47.8000, 18.0000])
48.32 tensor([100.0000,  24.6000,  28.6000,  48.8000,  39.6000])
49.72 tensor([100.0000,  20.6000,  28.6000,  45.0000,  54.4000])
46.56 tensor([100.0000,  21.4000,  28.4000,  48.4000,  34.6000])
41.959999999999994 tensor([100.0000,   0.0000,  27.6000,  37.0000,  45.2000])
49.68 tensor([100.0000,  35.2000,  25.2000,  40.0000,  48.0000])
53.92 tensor([100.0000,  40.8000,  27.2000,  46.8000,  54.8000])
46.72 tensor([99.8000, 16.4000, 37.4000, 48.0000, 32.0000])
53.080000000000005 tensor([100.0000,  20.2000,  43.0000,  46.6000,  55.6000])
63.519999999999996 tensor([100.0000,  44.4000,  50.4000,  57.4000,  65.4000])
52.0 tensor([100.0000,  41.4000,  42.8000,  40.2000,  35.6000])
49.519999999999996 tensor([100.0000,  22.2000,  36.4000,  49.8000,  39.2000])
55.76 tensor([100.0000,  75.0000,  28.6000,  51.6000,  23.6000])
59.8 tensor([100.0000,  75.8000,  33.8000,  52.8000,  36.6000])
58.879999999999995 tensor([100.0000,  83.8000,  36.8000,  44.8000,  29.0000])
74.08 tensor([100.0000,  73.8000,  61.2000,  74.2000,  61.2000])
72.64 tensor([100.0000,  70.4000,  56.8000,  75.6000,  60.4000])
75.44 tensor([100.0000,  83.6000,  56.4000,  77.0000,  60.2000])
68.56 tensor([100.0000,  65.6000,  54.8000,  71.0000,  51.4000])
66.96 tensor([100.0000,  65.0000,  51.8000,  54.6000,  63.4000])
81.0 tensor([100.0000,  93.6000,  83.8000,  64.8000,  62.8000])
77.12 tensor([100.0000,  81.6000,  80.8000,  69.4000,  53.8000])
71.2 tensor([100.0000,  63.8000,  71.2000,  55.4000,  65.6000])
83.88 tensor([100.0000,  86.2000,  78.4000,  80.0000,  74.8000])
78.03999999999999 tensor([100.0000,  89.0000,  63.8000,  73.2000,  64.2000])
79.52 tensor([100.0000,  93.4000,  59.4000,  87.4000,  57.4000])
91.24 tensor([100.0000,  93.2000, 100.0000,  99.8000,  63.2000])
76.48 tensor([100.0000,  74.4000,  72.8000,  85.2000,  50.0000])
78.32000000000001 tensor([100.0000,  81.8000,  88.2000,  85.8000,  35.8000])
79.12 tensor([100.0000,  77.6000,  87.4000,  55.8000,  74.8000])
89.0 tensor([100.0000,  94.4000,  89.6000,  94.0000,  67.0000])
95.04 tensor([100.0000,  95.6000,  93.6000,  98.4000,  87.6000])
89.28 tensor([100.0000,  85.0000,  99.6000,  99.0000,  62.8000])
78.52 tensor([100.0000,  85.4000,  94.2000,  72.2000,  40.8000])
89.0 tensor([100.0000,  92.2000,  89.4000,  88.6000,  74.8000])
91.8 tensor([100.0000,  82.6000, 100.0000,  99.0000,  77.4000])
87.32 tensor([100.0000,  90.2000, 100.0000,  87.0000,  59.4000])
94.67999999999999 tensor([100.0000,  97.6000, 100.0000,  99.2000,  76.6000])
92.36 tensor([100.0000,  82.2000,  99.0000,  98.6000,  82.0000])
79.56 tensor([100.0000,  85.2000,  70.4000,  66.6000,  75.6000])
97.76 tensor([100.0000,  96.6000, 100.0000,  99.6000,  92.6000])
78.92 tensor([100.0000,  81.2000, 100.0000,  97.2000,  16.2000])
85.92 tensor([100.0000,  90.6000, 100.0000,  91.6000,  47.4000])
75.6 tensor([100.0000,  81.6000,  79.4000,  78.4000,  38.6000])
90.2 tensor([100.0000,  99.6000, 100.0000,  56.2000,  95.2000])
94.12 tensor([100.0000,  98.2000,  99.8000,  94.0000,  78.6000])
82.16 tensor([100.0000,  88.4000,  99.8000,  87.4000,  35.2000])
94.6 tensor([100.0000,  94.6000, 100.0000,  99.6000,  78.8000])
74.8 tensor([100.0000,  86.2000, 100.0000,  64.2000,  23.6000])
95.8 tensor([100.0000,  97.8000, 100.0000,  99.4000,  81.8000])
82.52000000000001 tensor([100.0000,  88.8000,  93.0000,  93.6000,  37.2000])
95.44 tensor([100.0000,  89.8000, 100.0000,  99.4000,  88.0000])
90.28 tensor([100.0000,  96.8000, 100.0000,  95.8000,  58.8000])
96.16 tensor([100.0000, 100.0000, 100.0000,  99.4000,  81.4000])
93.52000000000001 tensor([100.0000,  84.4000, 100.0000,  99.6000,  83.6000])
96.48 tensor([100.0000,  87.2000,  99.8000, 100.0000,  95.4000])
98.4 tensor([100.,  93., 100., 100.,  99.])
76.88000000000001 tensor([100.0000,  82.0000,  90.6000,  52.4000,  59.4000])
96.88 tensor([100.0000,  95.0000,  99.8000,  98.6000,  91.0000])
98.72 tensor([100.0000,  99.6000, 100.0000,  99.6000,  94.4000])
84.32 tensor([100.0000,  99.8000,  97.8000,  41.8000,  82.2000])
79.60000000000001 tensor([100., 100., 100.,  98.,   0.])
98.32 tensor([100.0000, 100.0000,  99.8000, 100.0000,  91.8000])
97.68 tensor([100.0000, 100.0000, 100.0000,  96.4000,  92.0000])
98.92 tensor([100.0000, 100.0000, 100.0000, 100.0000,  94.6000])
98.76 tensor([100.0000,  99.4000,  99.2000, 100.0000,  95.2000])
99.03999999999999 tensor([100.0000, 100.0000, 100.0000, 100.0000,  95.2000])
98.68 tensor([100.0000, 100.0000, 100.0000,  99.4000,  94.0000])
98.6 tensor([100., 100., 100., 100.,  93.])
98.76 tensor([100.0000, 100.0000, 100.0000, 100.0000,  93.8000])
99.68 tensor([100.0000, 100.0000, 100.0000, 100.0000,  98.4000])
99.92 tensor([100.0000, 100.0000, 100.0000, 100.0000,  99.6000])
99.92 tensor([100.0000, 100.0000, 100.0000,  99.6000, 100.0000])
99.24 tensor([100.0000, 100.0000,  98.0000, 100.0000,  98.2000])
99.56 tensor([100.0000, 100.0000, 100.0000,  99.8000,  98.0000])
99.8 tensor([100., 100., 100., 100.,  99.])
98.83999999999999 tensor([100.0000, 100.0000,  98.6000, 100.0000,  95.6000])
100.0 tensor([100., 100., 100., 100., 100.])
99.76 tensor([100.0000, 100.0000, 100.0000, 100.0000,  98.8000])
99.52 tensor([100.0000, 100.0000,  99.8000,  99.8000,  98.0000])
