new_    20.0 tensor([  0.,   0., 100.,   0.,   0.])
19.28 tensor([51.2000,  0.0000, 45.2000,  0.0000,  0.0000])
20.880000000000003 tensor([56.0000, 27.8000, 20.6000,  0.0000,  0.0000])
25.2 tensor([70.6000, 24.8000, 30.6000,  0.0000,  0.0000])
25.96 tensor([95.2000, 14.2000, 20.4000,  0.0000,  0.0000])
29.04 tensor([100.0000,  16.4000,  18.2000,  10.6000,   0.0000])
27.68 tensor([100.0000,  14.2000,  11.2000,  13.0000,   0.0000])
29.92 tensor([100.0000,  18.0000,  20.0000,  11.6000,   0.0000])
27.24 tensor([100.0000,  22.2000,  14.0000,   0.0000,   0.0000])
33.96 tensor([100.0000,  24.0000,  14.2000,  14.6000,  17.0000])
36.480000000000004 tensor([99.8000, 40.4000, 12.8000, 11.4000, 18.0000])
33.76 tensor([97.6000, 33.6000, 16.0000,  0.0000, 21.6000])
32.4 tensor([92.2000, 41.8000, 16.2000,  0.0000, 11.8000])
31.2 tensor([85.4000, 42.4000, 18.0000,  0.0000, 10.2000])
31.44 tensor([88.4000, 50.2000, 18.6000,  0.0000,  0.0000])
38.4 tensor([84., 57., 18.,  0., 33.])
33.08 tensor([81.8000, 49.0000, 23.8000,  0.0000, 10.8000])
37.4 tensor([86.2000, 60.4000, 24.8000,  0.0000, 15.6000])
37.4 tensor([73.2000, 56.8000, 30.0000,  7.0000, 20.0000])
34.2 tensor([73.6000, 63.2000, 34.2000,  0.0000,  0.0000])
44.84 tensor([90.2000, 86.0000, 36.8000, 11.2000,  0.0000])
41.24 tensor([71.0000, 68.6000, 45.2000,  0.0000, 21.4000])
41.48 tensor([63.0000, 68.2000, 69.6000,  0.0000,  6.6000])
44.64 tensor([77.4000, 87.8000, 58.0000,  0.0000,  0.0000])
53.52 tensor([ 91.2000, 100.0000,  76.4000,   0.0000,   0.0000])
47.12 tensor([97.6000, 91.6000, 46.4000,  0.0000,  0.0000])
53.080000000000005 tensor([100.0000,  99.6000,  65.8000,   0.0000,   0.0000])
57.48 tensor([100.0000, 100.0000,  66.0000,   0.0000,  21.4000])
57.08 tensor([100.0000,  97.2000,  88.2000,   0.0000,   0.0000])
57.48 tensor([100.0000, 100.0000,  87.4000,   0.0000,   0.0000])
59.72 tensor([100.0000,  99.2000,  99.4000,   0.0000,   0.0000])
60.0 tensor([100., 100., 100.,   0.,   0.])
58.599999999999994 tensor([100.0000,  99.8000,  88.8000,   0.0000,   4.4000])
60.480000000000004 tensor([100.0000,  99.6000,  97.2000,   0.0000,   5.6000])
62.36000000000001 tensor([100.0000, 100.0000,  98.0000,   0.0000,  13.8000])
59.919999999999995 tensor([100.0000, 100.0000,  99.6000,   0.0000,   0.0000])
59.84 tensor([100.0000, 100.0000,  99.2000,   0.0000,   0.0000])
60.0 tensor([100., 100., 100.,   0.,   0.])
60.0 tensor([100., 100., 100.,   0.,   0.])
60.0 tensor([100., 100., 100.,   0.,   0.])
60.0 tensor([100., 100., 100.,   0.,   0.])
60.0 tensor([100., 100., 100.,   0.,   0.])
66.4 tensor([100., 100., 100.,   0.,  32.])
68.56 tensor([100.0000, 100.0000, 100.0000,   0.0000,  42.8000])
60.0 tensor([100., 100., 100.,   0.,   0.])
60.0 tensor([100., 100., 100.,   0.,   0.])
62.88 tensor([100.0000, 100.0000, 100.0000,   5.6000,   8.8000])
60.0 tensor([100., 100., 100.,   0.,   0.])
60.0 tensor([100., 100., 100.,   0.,   0.])
63.6 tensor([100., 100., 100.,   0.,  18.])
63.519999999999996 tensor([100.0000, 100.0000, 100.0000,   0.0000,  17.6000])
62.96000000000001 tensor([100.0000, 100.0000, 100.0000,  14.8000,   0.0000])
63.44 tensor([100.0000, 100.0000, 100.0000,  17.2000,   0.0000])
63.6 tensor([100., 100., 100.,  18.,   0.])
65.16 tensor([100.0000, 100.0000, 100.0000,  25.8000,   0.0000])
65.72 tensor([100.0000, 100.0000, 100.0000,  28.6000,   0.0000])
65.60000000000001 tensor([100., 100., 100.,  28.,   0.])
92.75999999999999 tensor([100.0000, 100.0000, 100.0000,  91.8000,  72.0000])
66.08000000000001 tensor([100.0000, 100.0000, 100.0000,  30.4000,   0.0000])
75.72 tensor([100.0000, 100.0000, 100.0000,  78.6000,   0.0000])
95.12 tensor([100.0000, 100.0000,  99.6000,  86.2000,  89.8000])
93.47999999999999 tensor([100.0000, 100.0000, 100.0000,  95.6000,  71.8000])
76.96 tensor([  0.0000, 100.0000, 100.0000,  99.6000,  85.2000])
66.67999999999999 tensor([100.0000, 100.0000, 100.0000,  33.4000,   0.0000])
69.39999999999999 tensor([100., 100., 100.,   0.,  47.])
80.0 tensor([100., 100., 100., 100.,   0.])
99.32 tensor([100.0000, 100.0000, 100.0000,  99.0000,  97.6000])
47.52 tensor([  0.0000, 100.0000, 100.0000,  27.6000,  10.0000])
80.0 tensor([100., 100., 100., 100.,   0.])
99.76 tensor([100.0000, 100.0000, 100.0000,  98.8000, 100.0000])
80.0 tensor([100., 100., 100., 100.,   0.])
80.0 tensor([100., 100., 100., 100.,   0.])
80.0 tensor([100., 100., 100., 100.,   0.])
86.0 tensor([100.0000, 100.0000,  99.8000, 100.0000,  30.2000])
100.0 tensor([100., 100., 100., 100., 100.])
80.0 tensor([100., 100., 100., 100.,   0.])
59.96 tensor([  0.0000, 100.0000, 100.0000,  99.8000,   0.0000])
80.0 tensor([100., 100., 100., 100.,   0.])
80.0 tensor([100., 100., 100., 100.,   0.])
80.0 tensor([100., 100., 100., 100.,   0.])
80.0 tensor([100., 100., 100., 100.,   0.])
80.0 tensor([100., 100., 100., 100.,   0.])
79.96 tensor([100.0000, 100.0000,  99.8000, 100.0000,   0.0000])
80.0 tensor([100., 100., 100., 100.,   0.])
80.0 tensor([100., 100., 100., 100.,   0.])
80.0 tensor([100., 100., 100., 100.,   0.])
80.0 tensor([100., 100., 100., 100.,   0.])
80.0 tensor([100., 100., 100., 100.,   0.])
80.0 tensor([100., 100., 100., 100.,   0.])
80.0 tensor([100., 100., 100., 100.,   0.])
80.0 tensor([100., 100., 100., 100.,   0.])
80.0 tensor([100., 100., 100., 100.,   0.])
80.0 tensor([100., 100., 100., 100.,   0.])
80.0 tensor([100., 100., 100., 100.,   0.])
99.92 tensor([100.0000,  99.8000, 100.0000, 100.0000,  99.8000])
80.0 tensor([100., 100., 100., 100.,   0.])
80.0 tensor([100., 100., 100., 100.,   0.])
80.0 tensor([100., 100., 100., 100.,   0.])
80.0 tensor([100., 100., 100., 100.,   0.])
80.0 tensor([100., 100., 100., 100.,   0.])
