20.0 tensor([  0.,   0.,   0.,   0., 100.])
18.88 tensor([ 0.0000,  0.0000, 39.2000,  0.0000, 55.2000])
18.72 tensor([ 0.0000,  0.0000, 36.2000,  0.0000, 57.4000])
20.8 tensor([ 0.0000, 31.0000, 40.2000,  0.0000, 32.8000])
20.560000000000002 tensor([ 0.0000, 21.6000, 30.8000,  0.0000, 50.4000])
20.080000000000002 tensor([ 0.0000, 28.2000, 38.0000,  3.8000, 30.4000])
22.64 tensor([17.8000, 20.8000, 36.8000,  4.2000, 33.6000])
23.080000000000002 tensor([42.2000, 31.8000, 36.8000,  4.6000,  0.0000])
23.16 tensor([33.0000, 10.6000, 37.2000, 23.6000, 11.4000])
26.76 tensor([32.8000,  7.8000, 56.6000, 25.0000, 11.6000])
34.239999999999995 tensor([62.4000, 25.2000, 42.0000, 28.6000, 13.0000])
34.160000000000004 tensor([80.8000, 23.6000, 36.2000, 18.8000, 11.4000])
29.84 tensor([72.0000, 23.2000, 23.0000, 16.6000, 14.4000])
34.48 tensor([83.8000, 30.8000, 25.4000, 17.2000, 15.2000])
34.599999999999994 tensor([75.2000, 26.4000, 41.6000, 15.8000, 14.0000])
37.96 tensor([100.0000,  29.6000,  25.8000,  15.4000,  19.0000])
39.92 tensor([100.0000,  26.6000,  51.6000,  12.8000,   8.6000])
40.2 tensor([100.0000,  26.4000,  37.6000,  21.8000,  15.2000])
41.199999999999996 tensor([100.0000,  22.8000,  49.8000,  18.6000,  14.8000])
37.08 tensor([100.0000,  23.0000,  35.4000,  22.6000,   4.4000])
38.0 tensor([100.0000,  19.2000,  28.2000,  42.6000,   0.0000])
44.84 tensor([100.0000,  23.6000,  34.4000,  49.0000,  17.2000])
41.8 tensor([100.0000,  25.0000,  33.6000,  37.8000,  12.6000])
44.4 tensor([100.0000,  23.0000,  48.8000,  36.8000,  13.4000])
39.32 tensor([100.0000,  21.6000,  41.6000,  33.4000,   0.0000])
40.8 tensor([100.0000,  23.0000,  43.0000,  22.4000,  15.6000])
42.68 tensor([100.0000,  21.4000,  37.0000,  36.0000,  19.0000])
57.48 tensor([100.0000,  28.0000,  73.2000,  48.2000,  38.0000])
56.56 tensor([100.0000,  31.0000,  67.2000,  40.8000,  43.8000])
45.12 tensor([100.0000,  25.8000,  53.0000,  34.6000,  12.2000])
