20.0 tensor([  0.,   0., 100.,   0.,   0.])
19.2 tensor([57.4000,  0.0000, 38.6000,  0.0000,  0.0000])
19.439999999999998 tensor([50.4000, 24.8000, 22.0000,  0.0000,  0.0000])
21.36 tensor([74.8000, 25.0000,  7.0000,  0.0000,  0.0000])
25.679999999999996 tensor([97.4000, 21.6000,  9.4000,  0.0000,  0.0000])
25.919999999999998 tensor([98.0000, 25.2000,  6.4000,  0.0000,  0.0000])
25.840000000000003 tensor([100.0000,  21.8000,   7.4000,   0.0000,   0.0000])
27.36 tensor([100.0000,  36.8000,   0.0000,   0.0000,   0.0000])
32.4 tensor([100.0000,  41.2000,  20.8000,   0.0000,   0.0000])
33.52 tensor([100.0000,  44.8000,  22.8000,   0.0000,   0.0000])
35.6 tensor([100.0000,  42.8000,  20.4000,   0.0000,  14.8000])
36.480000000000004 tensor([100.0000,  43.0000,  26.2000,   0.0000,  13.2000])
33.6 tensor([98.2000, 41.0000, 14.2000,  0.0000, 14.6000])
32.72 tensor([100.0000,  45.8000,   0.0000,   0.0000,  17.8000])
38.56 tensor([97.8000, 43.4000,  9.4000, 13.0000, 29.2000])
34.28 tensor([100.0000,  48.2000,   0.0000,  13.0000,  10.2000])
33.6 tensor([97.0000, 61.6000,  0.0000,  9.4000,  0.0000])
33.92 tensor([95.0000, 66.0000,  0.0000,  8.6000,  0.0000])
38.04 tensor([99.8000, 76.0000,  0.0000,  0.0000, 14.4000])
38.84 tensor([97.0000, 70.2000,  0.0000, 13.6000, 13.4000])
39.32 tensor([95.0000, 82.4000,  0.0000,  0.0000, 19.2000])
23.48 tensor([  0.0000, 100.0000,   0.0000,   0.0000,  17.4000])
36.120000000000005 tensor([87.6000, 93.0000,  0.0000,  0.0000,  0.0000])
39.879999999999995 tensor([ 99.4000, 100.0000,   0.0000,   0.0000,   0.0000])
46.160000000000004 tensor([100.0000, 100.0000,   0.0000,   0.0000,  30.8000])
55.559999999999995 tensor([100.0000, 100.0000,   0.0000,   0.0000,  77.8000])
59.08 tensor([100.0000,  99.4000,  49.0000,   0.0000,  47.0000])
46.400000000000006 tensor([100.0000,  94.6000,  28.4000,   0.0000,   9.0000])
45.56 tensor([100.0000,  99.0000,  11.8000,   0.0000,  17.0000])
50.760000000000005 tensor([100.0000, 100.0000,  34.2000,   0.0000,  19.6000])
