20.0 tensor([  0.,   0.,   0.,   0., 100.])
20.080000000000002 tensor([69.8000,  0.0000,  0.0000,  0.0000, 30.6000])
22.56 tensor([60.0000,  0.0000, 28.4000,  0.0000, 24.4000])
22.96 tensor([51.6000,  0.0000,  8.8000,  0.0000, 54.4000])
31.119999999999997 tensor([97.2000,  0.0000,  9.0000,  0.0000, 49.4000])
30.8 tensor([96.8000,  0.0000,  8.4000, 19.0000, 29.8000])
29.520000000000003 tensor([100.0000,   0.0000,   7.0000,  13.4000,  27.2000])
32.96 tensor([100.0000,   0.0000,   8.0000,  28.2000,  28.6000])
32.96 tensor([93.8000,  0.0000,  0.0000, 32.2000, 38.8000])
35.8 tensor([100.0000,   0.0000,   9.6000,  48.4000,  21.0000])
36.720000000000006 tensor([97.0000,  6.6000,  7.4000, 53.0000, 19.6000])
37.2 tensor([100.0000,   5.2000,  11.6000,  50.2000,  19.0000])
43.8 tensor([99.8000,  7.4000, 37.6000, 43.8000, 30.4000])
45.48 tensor([100.0000,  34.6000,  21.2000,  41.4000,  30.2000])
39.2 tensor([100.0000,  26.8000,  30.6000,  31.8000,   6.8000])
47.8 tensor([92.4000, 43.8000, 36.6000, 31.4000, 34.8000])
46.400000000000006 tensor([91.6000, 60.2000, 18.4000, 54.0000,  7.8000])
43.88 tensor([81.8000, 60.6000, 18.0000, 43.4000, 15.6000])
52.839999999999996 tensor([96.4000, 59.2000, 35.0000, 56.6000, 17.0000])
42.68 tensor([74.6000, 52.4000, 35.8000, 50.6000,  0.0000])
45.96 tensor([98.8000, 45.8000, 36.6000, 48.6000,  0.0000])
53.16 tensor([100.0000,  56.6000,  36.4000,  58.2000,  14.6000])
56.64 tensor([100.0000,  59.0000,  35.2000,  63.6000,  25.4000])
52.800000000000004 tensor([92.6000, 38.0000, 53.4000, 49.0000, 31.0000])
55.800000000000004 tensor([99.8000, 39.4000, 61.0000, 44.8000, 34.0000])
48.120000000000005 tensor([98.4000, 43.4000, 71.0000,  0.0000, 27.8000])
53.800000000000004 tensor([100.0000,  44.8000,  60.6000,  21.6000,  42.0000])
66.60000000000001 tensor([100.0000,  73.0000,  94.4000,  35.8000,  29.8000])
61.88 tensor([100.0000,  73.0000,  52.8000,  38.2000,  45.4000])
59.519999999999996 tensor([100.0000,  66.8000,  52.2000,  43.0000,  35.6000])
67.12 tensor([100.0000,  70.6000,  88.4000,  45.6000,  31.0000])
72.56 tensor([100.0000,  74.0000,  87.4000,  50.2000,  51.2000])
66.72 tensor([100.0000,  70.8000,  87.6000,  24.6000,  50.6000])
53.76 tensor([100.0000,  65.2000,  40.2000,  41.0000,  22.4000])
57.199999999999996 tensor([100.0000,  70.0000,  84.6000,  31.4000,   0.0000])
71.67999999999999 tensor([100.0000,  67.8000,  93.6000,  48.4000,  48.6000])
68.92 tensor([100.0000,  97.6000,  98.4000,  48.6000,   0.0000])
65.52 tensor([100.0000,  73.0000,  97.8000,  33.6000,  23.2000])
58.36 tensor([100.0000,  66.0000,  89.0000,   0.0000,  36.8000])
73.52 tensor([100.0000,  73.4000,  87.4000,  49.4000,  57.4000])
49.88 tensor([100.0000,   7.4000,  85.4000,  38.8000,  17.8000])
59.68 tensor([100.0000,  75.4000,  67.2000,  41.8000,  14.0000])
44.64 tensor([100.0000,   0.0000,  68.8000,  39.4000,  15.0000])
64.24 tensor([100.0000,  94.4000,  94.4000,  32.4000,   0.0000])
65.0 tensor([100.0000,  97.4000,  87.4000,  29.0000,  11.2000])
71.84 tensor([100.0000,  82.6000,  99.8000,  76.8000,   0.0000])
66.24 tensor([100.0000,   0.0000, 100.0000,  79.2000,  52.0000])
48.76 tensor([100.0000,   0.0000,  97.6000,  34.6000,  11.6000])
73.52 tensor([100.0000,  73.2000,  98.8000,  76.2000,  19.4000])
52.92 tensor([100.0000,   0.0000,  76.6000,  63.4000,  24.6000])
66.16 tensor([100.0000,  70.8000,  97.2000,  62.8000,   0.0000])
59.72 tensor([100.0000,  84.0000,  92.0000,  22.6000,   0.0000])
67.36 tensor([100.0000,  98.2000,  98.8000,  39.8000,   0.0000])
70.96000000000001 tensor([100.0000,  99.4000,  93.8000,  61.6000,   0.0000])
59.56 tensor([100.0000,  97.8000, 100.0000,   0.0000,   0.0000])
78.2 tensor([100.0000,  85.8000,  99.4000,  82.2000,  23.6000])
73.44000000000001 tensor([100.0000, 100.0000,  98.6000,  68.6000,   0.0000])
72.2 tensor([100.0000,  99.8000,  98.4000,  62.8000,   0.0000])
71.56 tensor([100.0000,  99.0000,  92.4000,  66.4000,   0.0000])
54.67999999999999 tensor([100.0000,   0.0000,  98.6000,  63.8000,  11.0000])
74.83999999999999 tensor([100.0000,  77.2000,  93.4000,  80.4000,  23.2000])
75.12 tensor([100.0000,  80.6000, 100.0000,  64.4000,  30.6000])
75.68 tensor([100.0000,  86.4000, 100.0000,  65.0000,  27.0000])
72.68 tensor([100.0000,  97.4000, 100.0000,  66.0000,   0.0000])
68.44 tensor([100.0000,  77.6000,  96.6000,  68.0000,   0.0000])
72.24000000000001 tensor([100.0000,  98.8000,  97.4000,  65.0000,   0.0000])
77.32 tensor([100.0000, 100.0000,  99.4000,  87.2000,   0.0000])
74.64 tensor([100.0000,  99.8000,  99.6000,  73.8000,   0.0000])
78.03999999999999 tensor([100.0000,  99.8000, 100.0000,  90.4000,   0.0000])
77.0 tensor([100.0000,  98.6000,  99.8000,  86.6000,   0.0000])
79.67999999999999 tensor([100.0000,  99.6000,  96.0000,  66.6000,  36.2000])
53.72 tensor([100.0000,   0.0000,  99.8000,  68.8000,   0.0000])
77.64 tensor([100.0000,  99.6000, 100.0000,  88.6000,   0.0000])
76.96 tensor([100.0000,  98.4000,  99.6000,  86.8000,   0.0000])
72.96000000000001 tensor([100.0000, 100.0000,  99.6000,  65.2000,   0.0000])
72.8 tensor([100.0000,  98.8000, 100.0000,  65.2000,   0.0000])
75.44 tensor([100.0000, 100.0000, 100.0000,  77.2000,   0.0000])
77.08 tensor([100.0000, 100.0000,  98.0000,  87.4000,   0.0000])
74.0 tensor([100.0000,  99.6000,  94.2000,  76.2000,   0.0000])
83.2 tensor([100., 100., 100.,  84.,  32.])
72.6 tensor([100.0000,  98.8000,  96.2000,  68.0000,   0.0000])
75.32 tensor([100.0000, 100.0000, 100.0000,  66.4000,  10.2000])
72.88 tensor([100.0000, 100.0000,  98.2000,  66.2000,   0.0000])
94.76 tensor([100.0000,  99.6000, 100.0000,  88.4000,  85.8000])
78.88 tensor([100.0000,  97.4000,  99.4000,  97.6000,   0.0000])
73.08 tensor([100.0000,  99.6000, 100.0000,  65.8000,   0.0000])
87.96000000000001 tensor([100.0000,  99.2000,  99.0000,  84.8000,  56.8000])
93.67999999999999 tensor([100.0000,  99.8000, 100.0000,  86.2000,  82.4000])
93.92 tensor([100.0000,  99.6000, 100.0000,  91.6000,  78.4000])
80.04 tensor([100.0000,  99.6000,  99.6000,  64.2000,  36.8000])
88.6 tensor([100.0000, 100.0000,  99.0000,  93.6000,  50.4000])
79.92 tensor([100.0000,  99.6000, 100.0000,   0.0000, 100.0000])
86.32 tensor([100.0000, 100.0000,  96.4000,  88.0000,  47.2000])
95.32000000000001 tensor([100.0000, 100.0000,  98.8000,  94.6000,  83.2000])
88.32 tensor([100.0000, 100.0000,  99.4000,  84.6000,  57.6000])
98.88 tensor([100.0000,  99.6000, 100.0000,  99.4000,  95.4000])
97.39999999999999 tensor([100.0000,  99.6000,  99.4000,  99.2000,  88.8000])
77.88000000000001 tensor([100.0000, 100.0000,  96.8000,  92.6000,   0.0000])
79.80000000000001 tensor([100.0000, 100.0000,  99.8000,  99.2000,   0.0000])
97.2 tensor([100.0000, 100.0000,  98.2000,  97.2000,  90.6000])
