20.0
22.6
25.16
23.880000000000003
24.84
26.52
27.04
28.599999999999998
28.48
31.080000000000002
31.28
37.32
35.32
36.919999999999995
40.400000000000006
36.199999999999996
34.8
40.52
39.04
43.6
41.839999999999996
43.04
41.199999999999996
38.96
42.16
60.760000000000005
38.96
51.2
45.2
48.88
55.2
39.76
59.599999999999994
58.08
40.0
43.0
59.919999999999995
60.0
59.96
59.919999999999995
60.0
60.0
60.0
40.0
59.84
60.0
60.0
60.0
60.0
60.0
60.0
60.0
60.0
60.0
60.0
60.0
40.0
60.0
60.0
60.0
60.0
60.0
60.0
60.0
40.0
60.0
60.0
60.0
60.0
40.0
60.0
40.0
60.0
60.0
60.0
60.0
60.0
60.0
60.0
60.0
60.0
60.0
60.0
60.0
60.0
60.0
60.0
40.0
60.0
60.0
60.0
60.0
60.0
60.0
60.0
60.0
60.0
60.0
60.0
60.0
20.0
21.4
23.799999999999997
21.68
21.84
22.56
23.16
27.92
23.880000000000003
25.119999999999997
26.76
25.319999999999997
24.84
26.200000000000003
25.96
28.04
31.879999999999995
34.08
31.759999999999998
31.240000000000002
33.52
32.12
33.32
37.8
36.16
37.28
36.44
34.48
29.32
22.36
35.28
51.44
60.160000000000004
57.16
54.67999999999999
51.160000000000004
31.36
59.36
65.36
62.4
