20.0 tensor([  0.,   0.,   0.,   0., 100.])
23.56 tensor([ 0.0000, 47.8000,  0.0000,  0.0000, 70.0000])
21.759999999999998 tensor([ 0.0000, 23.4000,  0.0000,  0.0000, 85.4000])
20.880000000000003 tensor([ 0.0000, 15.2000,  4.8000,  0.0000, 84.4000])
21.32 tensor([ 0.0000, 18.6000,  3.6000,  0.0000, 84.4000])
21.52 tensor([ 0.0000, 15.2000, 41.8000,  0.0000, 50.6000])
21.240000000000002 tensor([ 0.0000, 14.4000, 22.0000,  0.0000, 69.8000])
21.279999999999998 tensor([ 0.0000, 16.4000,  7.2000, 13.4000, 69.4000])
21.52 tensor([ 0.0000, 18.4000,  8.6000, 22.6000, 58.0000])
23.32 tensor([ 0.0000, 18.6000, 19.6000, 24.4000, 54.0000])
30.04 tensor([42.8000, 16.8000,  8.4000, 30.0000, 52.2000])
28.96 tensor([33.6000, 16.6000, 14.6000, 43.2000, 36.8000])
31.6 tensor([53.6000, 14.0000,  5.4000, 22.8000, 62.2000])
31.64 tensor([51.4000, 16.2000,  5.6000, 25.8000, 59.2000])
41.72 tensor([75.0000, 15.6000, 20.4000, 36.0000, 61.6000])
52.959999999999994 tensor([100.0000,  17.4000,  21.8000,  41.2000,  84.4000])
34.28 tensor([64.2000, 14.0000, 10.2000, 38.6000, 44.4000])
34.32 tensor([66.0000, 15.6000,  6.2000, 48.0000, 35.8000])
41.32 tensor([85.0000, 17.6000,  5.6000, 38.4000, 60.0000])
49.24 tensor([95.6000, 18.4000, 26.8000, 47.0000, 58.4000])
38.2 tensor([63.4000, 17.6000, 39.8000, 51.2000, 19.0000])
45.4 tensor([72.6000, 20.8000, 30.6000, 53.0000, 50.0000])
40.96 tensor([71.6000, 19.2000, 27.2000, 51.4000, 35.4000])
54.400000000000006 tensor([100.0000,  18.6000,  46.2000,  47.4000,  59.8000])
52.44 tensor([100.0000,  20.6000,  58.0000,  54.0000,  29.6000])
64.92 tensor([100.0000,  18.6000,  77.6000,  65.8000,  62.6000])
49.480000000000004 tensor([100.0000,  29.4000,  26.2000,  68.8000,  23.0000])
65.12 tensor([100.0000,  38.2000,  58.8000,  70.6000,  58.0000])
60.56 tensor([100.0000,  46.2000,  60.4000,  67.2000,  29.0000])
58.36 tensor([100.0000,  46.0000,  44.8000,  64.4000,  36.6000])
