20.0 tensor([  0.,   0., 100.,   0.,   0.])
19.08 tensor([61.0000,  0.0000, 34.4000,  0.0000,  0.0000])
22.56 tensor([51.4000,  0.0000, 38.8000,  0.0000, 22.6000])
23.599999999999998 tensor([75.0000,  0.0000, 23.6000,  0.0000, 19.4000])
29.080000000000002 tensor([97.8000,  0.0000, 20.2000,  9.0000, 18.4000])
28.12 tensor([86.0000,  9.0000, 19.4000,  9.4000, 16.8000])
24.36 tensor([64.6000, 11.6000, 34.2000,  0.0000, 11.4000])
32.48 tensor([100.0000,  16.0000,  24.6000,   9.2000,  12.6000])
29.28 tensor([87.6000, 11.6000, 33.8000,  0.0000, 13.4000])
36.64 tensor([100.0000,  21.0000,  35.2000,   8.6000,  18.4000])
31.72 tensor([98.6000, 14.0000, 35.2000, 10.8000,  0.0000])
30.44 tensor([100.0000,  15.2000,  24.2000,  12.8000,   0.0000])
28.24 tensor([87.8000, 14.0000, 39.4000,  0.0000,  0.0000])
34.160000000000004 tensor([100.0000,  34.8000,  22.6000,  13.4000,   0.0000])
34.72 tensor([99.6000, 14.4000, 23.0000, 13.2000, 23.4000])
35.6 tensor([100.0000,  15.2000,  39.0000,  10.8000,  13.0000])
35.199999999999996 tensor([98.8000, 33.4000, 19.8000, 12.0000, 12.0000])
40.36 tensor([100.0000,  44.0000,  28.4000,  13.4000,  16.0000])
39.2 tensor([100.0000,  37.6000,  29.8000,  21.4000,   7.2000])
40.48 tensor([100.0000,  35.2000,  39.6000,  19.6000,   8.0000])
49.08 tensor([100.0000,  39.2000,  53.0000,  18.0000,  35.2000])
40.72 tensor([99.2000, 34.8000, 37.8000, 22.0000,  9.8000])
37.6 tensor([99.8000, 30.8000, 40.0000,  7.6000,  9.8000])
40.760000000000005 tensor([100.0000,  34.0000,  48.4000,   9.0000,  12.4000])
48.16 tensor([100.0000,  42.0000,  47.4000,  24.2000,  27.2000])
53.879999999999995 tensor([100.0000,  49.0000,  58.4000,  24.8000,  37.2000])
57.599999999999994 tensor([92.4000, 58.6000, 70.6000, 22.6000, 43.8000])
50.239999999999995 tensor([96.8000, 53.2000, 60.6000, 25.6000, 15.0000])
53.839999999999996 tensor([100.0000,  64.2000,  63.8000,  24.4000,  16.8000])
57.99999999999999 tensor([100.0000,  50.6000,  87.0000,  36.0000,  16.4000])
